463.9954753
1019.323797
1219.666132
2.00E+02
457.5846282
353.8355672
62.82813663
62.31364223
49.07303202
19.98006468
22.16632286
17.73705753
10.60708808
11.66122111
9.831382757
7.333844936
8.590023414
7.250054126
5.640775708
7.178198412
5.815500048
5.142204676
6.086312791
5.186602133
4.387678284
5.5940209
4.772813821
4.120300676
5.247379928
4.402590546
3.872243831
5.050297902
4.130072974
3.737942712
4.486634978
4.222230623
3.651888423
4.659360064
3.979334377
4.185770074
4.676706458
4.071148395
3.529970925
4.588725013
3.978424742
3.390671733
4.522545198
4.024023863
3.39989142
4.495451464
3.932362647
3.368876187
4.429184451
3.872863209
3.3620561
4.406239952
3.885170953
3.335144784
4.382428372
3.818278443
3.294739794
4.343193376
3.789865783
3.266377804
4.313252888
3.790505925
3.223528678
4.323443459
3.757385641
3.244629938
4.27722619
3.824254029
3.221458544
4.261096277
3.715350126
3.121902538
4.237117187
3.71316341
3.21095454
4.20425739
3.676673654
3.158897701
4.237308804
3.657940954
3.130414696
4.165370206
3.593157152
2.990397584
4.114239825
3.612016382
3.101961194
4.094031117
3.625742296
3.091571756
4.684964602
3.585232272
3.062556403
4.068588006
3.555353271
3.027456555
4.049068092
4.611375428
3.063427599
4.027342009
3.523067648
3.017560287
4.022369221
3.47971608
2.996914664
3.983129165
3.483434989
2.975270141
3.937983815
3.446609934
2.945220328
3.924796926
3.442594875
3.058971148
3.904550251
3.425852086
2.860032205
4.297830169
3.415581567
2.926184769
3.847552224
3.382476499
2.884673744
3.861655563
3.370689537
2.812124388
3.817535521
3.377363334
2.84768958
3.791960174
2.957825084
2.837334395
4.279247815
3.302604709
2.809920363
3.740689262
3.289312474
2.957629156
3.717469302
3.262649493
2.771583906
3.685533543
3.239925698
2.751366596
3.660479256
3.22308108
2.858784104
3.653373894
3.208908003
2.712333794
3.608951757
3.180709954
2.685623692
3.575816601
3.155451268
2.717978029
3.565967608
3.132539781
2.647908567
3.532828385
3.113853376
2.631351656
3.509547262
3.085472685
2.632262633
3.488574421
3.068009414
2.59320979
3.546681366
3.034798338
2.563835997
3.455379857
3.018029448
2.613806855
3.402773304
2.989661796
2.535583103
3.37224118
2.972129859
2.514106239
3.352964124
2.924969725
1.6203844
3.3211972
2.923410307
2.470891183
3.297057238
2.896488344
2.452443655
3.681297602
2.877594515
2.393091792
3.243212777
2.851712794
2.400744745
3.204392304
2.810394514
2.378350081
3.173809237
2.816658057
2.370908069
3.154937165
2.780551147
2.300664803
3.132984066
2.752739246
2.318347976
3.102319888
2.730560793
2.298008666
3.067902374
2.723489416
2.522514446
3.123402866
2.688872777
2.252982641
3.040986229
2.654904196
2.233057264
2.72466756
2.628199295
2.21574921
2.955231995
2.603671901
2.194173315
2.935486083
2.604093193
2.17285235
2.906029524
2.074732998
2.149368468
2.879287879
2.573241135
2.420060123
2.832417548
2.513262956
2.146170642
2.817647825
2.486294821
2.083510726
2.79429025
2.453307461
2.081257836
2.76352087
2.440286611
2.008094687
2.728671951
2.425639214
2.029575105
2.709346405
2.390984433
2.003178658
2.688987852
2.367062412
1.98289798
2.649771597
2.342519419
1.978199693
2.640949869
2.318233666
1.939810262
2.73279225
2.312069262
1.881530781
2.377199242
1.43175597
1.894325293
2.544230509
2.250958807
1.849255166
2.515908106
2.235412329
1.849776831
2.492679227
2.204741407
1.850037383
2.463414887
2.179151796
1.822404109
2.440146195
2.15965533
1.7608294
2.412342972
2.1347768
1.799225978
2.384045148
2.106077644
1.76311642
2.363620086
2.1214656
1.741991636
2.337469358
2.072526023
1.841242365
2.268773629
2.041457756
1.699351166
2.298652127
1.993425225
1.709377668
2.252035544
2.029879965
1.65245025
2.23764896
1.97859232
1.6374156
2.219112621
1.961380923
1.612576548
2.190492899
1.947894378
1.605712446
2.153511606
1.92369447
1.604074967
2.133617404
1.885438797
1.564114222
2.104187448
1.870403285
1.533388804
2.077341341
1.846382395
1.532859031
2.053940782
1.823411109
1.50872048
2.036865491
1.801915353
1.494019959
2.027738489
1.609748307
1.467085182
1.982324527
1.761835014
1.261053521
1.981126659
1.736487687
1.441531295
1.943880884
1.72553375
1.419179553
1.899379066
1.708817538
1.40614816
1.897656194
1.688332953
1.385133051
1.854553698
1.6667152
1.27732524
1.76184289
1.638034167
1.354127127
1.825242196
1.614132366
1.337463068
1.806138536
1.600888082
1.345631574
1.784966986
1.580558218
1.306685998
1.761615756
1.797414124
1.292844024
1.762940142
1.543497215
1.281171764
1.728396169
1.52687217
1.252581896
1.667039708
1.506005216
1.243062404
1.525436541
1.477382057
1.225818273
1.336830966
1.741726568
1.206541761
1.662667368
1.452011237
0.646189048
1.616667576
1.433395296
1.174908726
1.596176673
1.416864392
1.17289588
1.574315603
1.398482799
1.149940837
1.546098081
1.383659607
1.13482616
1.54484572
1.368190343
1.135920889
1.508825095
1.351957526
1.032370583
1.494177839
1.333102398
1.090097345
1.477288593
1.222599018
1.077543951
1.448924977
1.268578049
1.062506422
1.436992355
1.279768231
1.051196519
1.417365438
1.274280571
1.033272674
1.395600348
1.249077488
1.133328997
1.381439918
1.233304219
1.007285348
1.362395832
1.215987384
0.993729539
1.360268794
1.209968758
0.979089459
1.336290954
1.182108382
0.968448769
1.308744988
1.162930187
0.953598898
1.294158331
1.142641889
0.809238987
1.284236226
1.138610144
0.92569165
1.25821629
1.092116357
0.915563733
1.24291468
1.0873964
0.903707788
1.226649878
1.086114557
0.891798077
1.212213469
1.079654887
0.881168878
1.197706791
1.081983435
0.865103767
1.162964763
1.043869183
0.81324797
1.155087256
1.033049743
0.842158706
1.19017474
1.017778047
0.839401844
1.110922639
1.010789024
0.821998783
1.157517417
1.031615852
0.812313088
1.093873138
1.000290449
0.799306388
1.129039913
0.97016773
0.782521202
1.068924314
0.959499829
0.763557264
1.059911951
0.944011675
0.767727681
1.042740238
0.937297832
0.7550935
1.027658134
0.928998844
0.741875217
1.012449655
0.924146765
0.736104858
1.00596348
0.899216443
0.679938109
0.991237454
0.885579281
0.711182425
1.398057924
0.873070081
0.638461752
0.962259091
0.884055072
0.693801479
0.951933888
0.856918654
0.688205029
0.93790087
0.840111842
0.676063426
0.921099969
0.827939985
0.664161129
0.910315125
0.846604736
0.659640753
0.902522914
0.809140277
0.645746773
0.888087475
0.797809083
0.642626226
0.872605745
0.615652843
0.369467701
0.779955616
0.777447032
0.624905544
0.851315053
0.769778262
0.614473576
0.838352029
0.776086915
0.606738771
0.833359486
0.74539061
0.600095777
0.815563563
0.735892292
0.587596463
0.804926377
0.726368648
0.578971875
0.79215572
0.620146873
0.57015243
0.780757049
0.709742201
0.493193796
0.775045096
0.761848559
0.558146396
0.845902404
0.690580964
0.544741626
0.747992229
0.683243417
0.553290222
0.741190613
0.672336867
0.532905007
0.762435236
0.674566994
0.527043842
0.709217927
0.661703709
0.511695669
0.711674411
0.649545305
0.532179878
0.711342175
0.6575384
0.477002998
0.67082823
0.747119317
0.528716431
0.433965484
0.670923869
0.490640935
0.680772069
0.62590289
0.486411033
0.671529625
0.591034959
0.478533178
0.665339749
0.580252816
0.471109679
0.660588942
0.559643178
0.464255915
0.656016003
0.554772399
0.458732859
0.688966295
0.549998046
0.450977125
0.678689976
0.541534691
0.414260194
0.475211632
0.535880575
0.439261416
0.598897467
0.528927907
0.438244104
0.579895333
0.518171377
0.463293314
0.571041478
0.50996678
0.42944247
0.542290797
0.247274118
0.427129856
0.552319425
0.494913011
0.431611927
0.556888506
0.488556419
0.441950319
0.514509715
0.486148231
0.420352488
0.526215417
0.473958507
0.386361756
0.518124798
0.464903161
0.378632678
0.509374457
0.463785186
0.370025406
0.501604734
0.451830816
0.361972999
0.49645673
0.447144287
0.357151726
0.488004726
0.44206773
0.351621559
0.473115703
0.432661797
0.33232556
0.461813397
0.426748624
0.351542823
0.466170469
0.419551574
0.338833134
0.458423693
0.414362565
0.348334777
0.451194267
0.406920982
0.311713658
0.443592175
0.40153495
0.331385043
0.437882853
0.397849278
0.30931989
0.430021774
0.388304217
0.3120618
0.408294915
0.378509623
0.309549715
0.413845337
0.385632321
0.303361487
0.435555622
0.372477632
0.30046193
0.402355258
0.363786155
0.294345489
0.393050664
0.307346489
0.289777849
0.404466746
0.35405403
0.286980289
0.402045504
0.349577156
0.460300962
0.398936051
0.361578715
0.274386005
0.394278886
0.338128719
0.270937896
0.380537916
0.333647409
0.271768564
0.374263936
0.414282749
0.260550472
0.355654633
0.321685036
0.265099838
0.358538063
0.329467396
0.250248687
0.346909977
0.299169367
0.248048107
0.346694828
0.311556976
0.243333403
0.339387492
0.317366507
0.246518706
0.330550793
0.314180957
0.21500766
0.328513454
0.310253485
0.229215912
0.322540099
0.297470787
0.237761827
0.316571628
0.285323003
0.205071667
0.378985885
0.28371718
0.222802279
0.312330717
0.305066635
0.217231099
0.30034658
0.269240533
0.212619672
0.296452171
0.271025507
0.210188314
0.300130738
0.24715316
0.206523293
0.26169635
0.25646531
0.202482448
0.283041777
0.255772231
0.187029597
0.35411004
0.253000657
0.200814232
0.271105611
0.245116792
0.192192642
0.265596401
0.25615415
0.188903736
0.259767999
0.23791745
0.180726358
0.259985429
0.231489839
0.182237522
0.253520712
0.231349329
0.178744068
0.246760434
0.226457886
0.177294048
0.244816999
0.220691505
0.17225706
0.23842784
0.243984521
0.169925623
0.236926547
0.213724236
0.165814059
0.236254712
0.206308123
0.16174361
0.229014334
0.208902034
0.160165172
0.223650691
0.203733561
0.158737545
0.250505935
0.195882228
0.155173956
0.216603793
0.198712509
0.152519606
0.21041655
0.193409923
0.150321674
0.208903698
0.191516685
0.143308638
0.205777337
0.18711328
0.143120928
0.206541773
0.182753277
0.142685625
0.201516176
0.18018378
0.139617265
0.199877078
0.176818488
0.184778382
0.189048019
0.168844806
0.130086862
0.184168076
0.171078924
0.131703635
0.184753015
0.167743551
0.128752167
0.178347233
0.165469883
0.12635683
0.176545965
0.162755815
0.125587684
0.183883861
0.165229162
0.122757623
0.175057975
0.15634831
0.120139258
0.168231331
0.154580003
0.117509015
0.168685535
0.151282464
0.114920729
0.15615372
0.144958701
0.116930748
0.15995321
0.135874726
0.117283727
0.159145418
0.142685243
0.109784774
0.253734239
0.142416437
0.106229755
0.147615691
0.13976823
0.104627939
0.139435064
0.135654535
0.10355936
0.144385222
0.135734374
0.101856777
0.141809171
0.134479529
0.099527991
0.139284098
0.131356704
0.09797998
0.135520874
0.122124868
0.096333659
0.130385907
0.124927991
0.092323302
0.131756526
0.120280094
0.110469703
0.130651359
0.114865972
0.092362041
0.127943314
0.113611568
0.088558476
0.124697027
0.113543521
0.086715388
0.120415305
0.111008855
0.084639523
0.123776557
0.112105142
0.080349384
0.117399012
0.106300155
0.083122872
0.115753089
0.10690229
0.079776401
0.116312654
0.098943211
0.079089779
0.1065774
0.102198094
0.073049224
0.112654349
0.098062146
0.108133876
0.108789521
0.097019129
0.073346761
0.098585293
0.095095398
0.072957975
0.101830714
0.093069464
0.07157903
0.102249693
0.091739128
0.069499213
0.098337875
0.089516975
0.06879787
0.095783338
0.087896378
0.067300412
0.093156339
0.086501517
0.066258957
0.090246575
0.084316918
0.062768828
0.107758623
0.083099342
0.065004002
0.088466923
0.080692352
0.045722756
0.08614898
0.078928762
0.065481535
0.084828213
0.07763679
0.067911333
0.083022195
0.076487911
0.062143794
0.081362539
0.074895832
0.057438544
0.080028199
0.072840862
0.057025285
0.092603059
0.07117789
0.056068391
0.076238778
0.070666067
0.055615643
0.074682994
0.068687328
0.055626833
0.07322532
0.067577679
0.052578406
0.071935721
0.065005713
0.055538338
0.070440347
0.063977976
0.049135044
0.070530356
0.063484587
0.049083844
0.081580086
0.063205244
0.047313825
0.067754592
0.061071366
0.045797929
0.064571363
0.059740397
0.044204001
0.063485247
0.074229573
0.04423861
0.062095144
0.056635636
0.043296293
0.060688492
0.056016798
0.043194111
0.059752171
0.053488045
0.040143432
0.070893314
0.054124052
0.041311708
0.057417757
0.052971221
0.039353827
0.055882968
0.052763984
0.040881398
0.054664183
0.050321421
0.037977571
0.056784076
0.049510525
0.037082307
0.054677988
0.048647582
0.036430422
0.047619428
0.047416972
0.035563316
0.060251974
0.043989036
0.035016548
0.049660887
0.045361378
0.034121758
0.048334094
0.044889991
0.038905923
0.046879942
0.04399546
0.032449612
0.045984998
0.04246324
0.03192267
0.045731486
0.041936642
0.031560741
0.044508529
0.040873928
0.03147663
0.043939876
0.039670339
0.030099173
0.045781055
0.039618945
0.027865775
0.044077313
0.038767738
0.02858849
0.040926052
0.03685116
0.028939505
0.040140161
0.047187365
0.033409506
0.037436862
0.036640185
0.027343933
0.038091484
0.035630649
0.026440508
0.037758721
0.034363969
0.026486793
0.033189753
0.034641292
0.0257616
0.03617876
0.033766683
0.025142237
0.035864281
0.033192096
0.02473554
0.036571244
0.03223453
0.024397277
0.034466483
0.031578607
0.02435583
0.033637119
0.031344986
0.024459836
0.033049774
0.028065129
0.022560847
0.032557545
0.029807298
0.022608026
0.017471709
0.028087792
0.022404438
0.031277783
0.02524359
0.02205791
0.030818411
0.02824616
0.021228703
0.030106084
0.027918885
0.021133204
0.029854521
0.026812007
0.020367331
0.029027342
0.02663099
0.019111965
0.028834403
0.026365835
0.020111463
0.028127448
0.025725266
0.01998464
0.029348228
0.025851868
0.019392797
0.027609821
0.025093627
0.018379159
0.026682748
0.024587438
0.018546421
0.030535993
0.035682781
0.018591079
0.025953501
0.023667104
0.018300054
0.025700632
0.023552534
0.01788463
0.025234676
0.021322317
0.017659162
0.025120259
0.022502411
0.017631288
0.024891592
0.022609883
0.017408665
0.02541435
0.022259959
0.017116326
0.024509529
0.020382069
0.016513516
0.023930142
0.02186822
0.017118264
0.0235422
0.02138183
0.016603319
0.023072379
0.021250548
0.016932062
0.022638821
0.020920139
0.016300877
0.020645579
0.021761562
0.015970055
0.022096848
0.019896516
0.015635322
0.022120627
0.020013276
0.015666616
0.022474053
0.019912628
0.015781349
0.021179859
0.019445382
0.01460242
0.021120915
0.019620605
0.015299588
0.021056362
0.018764206
0.020503632
0.021521365
0.018787759
0.014848814
0.020629531
0.018774958
0.014662219
0.020041272
0.018465405
0.014464107
0.020442985
0.018176465
0.014432903
0.020838398
0.018691596
0.014254078
0.022929837
0.019236778
0.0142581
0.019449562
0.018133697
0.015827458
0.0229332
0.017887071
0.014050217
0.019480485
0.017885129
0.0140426
0.019454943
0.016226194
0.013776545
0.019428791
0.017584706
0.013637091
0.019253567
0.017922511
0.013777345
0.018920171
0.0172662
0.013661271
0.019196776
0.017576719
0.013680069
0.019899297
0.017413752
0.012949451
0.019322297
0.01664286
0.013383687
0.018913137
0.015617
0.011626538
0.019655629
0.016817099
0.013263583
0.019403296
0.016725357
0.013085653
0.018294306
0.014558544
0.013381662
0.018414348
0.016698265
0.012934757
0.017788633
0.016150559
0.012561791
0.018616452
0.015970301
0.012881542
0.018122653
0.016185241
0.012859027
0.017184631
0.016194351
0.01286595
0.016601998
0.015985698
0.012755238
0.017798514
0.015824739
0.012641566
0.017876324
0.014416594
0.012462238
0.017557768
0.01563161
0.012438408
0.017696506
0.015614124
0.012543387
0.01742826
0.015623941
0.012379606
0.017487469
0.015557442
0.01235599
0.017294358
0.01543476
0.012237998
0.017208076
0.01531876
0.012190689
0.018256536
0.015481755
0.012227348
0.017432437
0.015764605
0.01218959
0.01759709
0.0154384
0.012167616
0.016648844
0.01523227
0.012345519
0.016288354
0.015185099
0.012110224
0.01694114
0.015375549
0.01191822
0.016693337
0.015205501
0.012004157
0.016692962
0.015162726
0.011472643
0.01632168
0.015202618
0.011206901
0.016806909
0.014673595
0.011699448
0.016206778
0.014775124
0.011267415
0.016386587
0.014795271
0.011794401
0.019854832
0.014595164
0.011614988
0.016050283
0.01480416
0.011632315
0.015855835
0.019240883
0.011499305
0.015975407
0.014661172
0.011481293
0.016321097
0.014423445
0.011407329
0.015217905
0.014402416
0.011320197
0.015802032
0.014278058
0.011543951
0.01573375
0.014375315
0.011426063
0.015460799
0.014221053
0.01123516
0.015415903
0.013863536
0.011300092
0.0154354
0.014123615
0.01126112
0.015424103
0.014015147
0.011130129
0.015214452
0.013977528
0.011359745
0.015245398
0.013992525
0.012196725
0.0152898
0.013684949
0.011232856
0.015157461
0.013699589
0.012359111
0.01500381
0.013610594
0.009133289
0.015814633
0.013783196
0.011000928
0.015691439
0.014172715
0.010919134
0.01507126
0.014498187
0.011119268
0.014699794
0.013385184
0.011386967
0.015000618
0.013844784
0.010867494
0.014720352
0.013351347
0.010660104
0.014656141
0.013344788
0.010593363
0.014750925
0.013181518
0.011044624
0.014681193
0.013299341
0.010673935
0.014576643
0.013219344
0.010408117
0.014361818
0.013265582
0.0104111
0.014452689
0.013047886
0.010669077
0.014369257
0.013007462
0.010477402
0.014346799
0.01318094
0.010380754
0.014200888
0.012950163
0.010323307
0.01415066
0.012940489
0.010271741
0.014038122
0.013286904
0.010113558
0.013999497
0.013026315
0.010016855
0.014063406
0.012804787
0.0102164
0.013966261
0.012634657
0.01017383
0.013891019
0.012444522
0.010168504
0.013879709
0.012759103
0.010085806
0.013875332
0.012585803
0.009979431
0.013755973
0.012514865
0.010046076
0.013788987
0.012500342
0.009818373
0.013730228
0.012510676
0.009995558
0.013622484
0.012490073
0.010115205
0.013655039
0.012364454
0.009945134
0.013568819
0.012257272
0.009731938
0.013527084
0.012561129
0.009669973
0.01390135
0.012266634
0.009850568
0.013371665
0.012232639
0.009685119
0.013523581
0.012108564
0.009395241
0.013285126
0.012209907
0.009635859
0.013273398
0.011991443
0.009587433
0.01332602
0.012100385
0.009641589
0.013255123
0.011612565
0.009428409
0.013080925
0.01189801
0.009565777
0.013129489
0.012100467
0.009286313
0.013032123
0.01194161
0.009344848
0.01304232
0.011924209
0.009359278
0.013053166
0.011812873
0.009361581
0.012962064
0.01169296
0.009517207
0.012799345
0.011791792
0.009319189
0.01287783
0.011758929
0.009181475
0.012911453
0.011720394
0.009274424
0.012908434
0.011629081
0.009292485
0.01271303
0.011402236
0.009414559
0.012439371
0.01023959
0.009162703
0.012710641
0.01246116
0.00909045
0.012681133
0.011476447
0.009380462
0.012704662
0.011519589
0.008859364
0.012277089
0.01150529
0.009199387
0.014345026
0.011470638
0.009081423
0.012494847
0.011408288
0.009291564
0.012369663
0.011294106
0.009129676
0.01247478
0.011398035
0.011234268
0.012486549
0.011534058
0.009932523
0.01238706
0.011331825
0.00933487
0.012298861
0.011350526
0.009355534
0.012170283
0.010922124
0.009580091
0.012429885
0.011199098
0.009473302
0.012281797
0.011399686
0.009691692
0.012423738
0.011291418
0.010120173
0.012229959
0.0088052
0.009137575
0.01246307
0.011052588
0.008907067
0.012238497
0.011257357
0.009569838
0.012429297
0.011190041
0.008817445
0.012341395
0.011219245
0.008902126
0.010737514
0.011120465
0.009118084
0.012159586
0.010980388
0.008802657
0.012132438
0.010517913
0.009131659
0.011977782
0.011193682
0.008776106
0.012061053
0.011138252
0.008799987
0.012055083
0.011624539
0.008597623
0.011989168
0.012128722
0.013169249
0.012120662
0.011086487
0.008836272
0.012138629
0.01084875
0.008531608
0.012426316
0.010324635
0.008507289
0.012410951
0.010832807
0.008483864
0.012582902
0.010830388
0.008468379
0.011753057
0.010721631
0.00856934
0.01275588
0.010709909
0.008446162
0.013106099
0.01085562
0.008477039
0.013151039
0.010361473
0.008647045
0.013128066
0.010924154
0.008524748
0.012733703
0.010969877
0.008397455
0.012311968
0.010805132
0.008469018
0.012291898
0.010995441
0.008647287
0.012371694
0.010780967
0.008991319
0.012336171
0.010709404
0.008372505
0.008529986
0.010182993
0.008366444
0.011612178
0.013489834
0.008452637
0.012250366
0.010642027
0.008250142
0.012041296
0.010834161
0.008298794
0.013955483
0.01093808
0.008472983
0.013031385
0.010469705
0.00838423
0.011181623
0.010421944
0.008207356
0.011207799
0.010974065
0.00853609
0.013631212
0.011551081
0.008159765
0.013252439
0.011604547
0.0083014
0.012165153
0.01183218
0.008543303
0.011894458
0.012004159
0.008251883
0.011855229
0.011872782
0.008207625
0.012021826
0.011734538
0.00830263
0.012030674
0.009352204
0.008604276
0.012185497
0.011325634
0.00820781
0.012286214
0.014099984
0.008508411
0.012140671
0.011270808
0.008268566
0.012077322
0.011677811
0.002685052
0.013262917
0.011575581
0.008308276
0.011864864
0.010760089
0.008282158
0.011871346
0.011612084
0.009751461
0.012458532
0.011316616
0.008547935
0.011491714
0.011420673
0.008315484
0.012153182
0.011608613
0.008712707
0.012282305
0.011828122
0.008521809
0.012386722
0.011928377
0.00847067
0.01237235
0.011750342
0.008734666
0.012369938
0.011932965
0.008456626
0.01277689
0.01201399
0.008619587
0.01215087
0.012348162
0.00633469
0.014557555
0.010743909
0.008721405
0.012903346
0.00906065
0.008889049
0.01681417
0.012493714
0.0089004
0.013235485
0.012672298
0.009603105
0.012995771
0.013118567
0.009044224
0.013172262
0.013081726
0.009059898
0.013199202
0.01356728
0.009895157
0.013703787
0.013307302
0.009378141
0.013657162
0.013619918
0.009429598
0.024636715
0.009309317
0.009384144
0.014109038
0.01380482
0.008735668
0.014642413
0.014682873
0.00984603
0.014935032
0.00838976
0.011912883
0.01490508
0.014786753
0.010235926
0.015658946
0.015108766
0.010249625
0.015714573
0.014531325
0.013133252
0.015814895
0.015693123
0.010534656
0.015950896
0.016559272
0.013275053
0.010121462
0.011375253
0.010827529
0.014452919
0.016637642
0.010992045
0.017090688
0.016659896
0.011088374
0.017163229
0.017468911
0.01136094
0.018523941
0.016566858
0.011208237
0.017972242
0.018131886
0.018384538
0.025436756
0.018531997
0.011924953
0.018617926
0.019012481
0.012244894
0.019069566
0.016931447
0.012319664
0.019846259
0.024666755
0.012557189
0.019979607
0.020817561
0.013335724
0.012579723
0.022170243
0.018897514
0.021183807
0.02203878
0.01371934
0.021593928
0.022106321
0.013597325
0.022103716
0.023316181
0.014203888
0.022235493
0.023847969
0.014698348
0.023441634
0.024623932
0.0149615
0.027373411
0.025667305
0.015581659
0.024678144
0.026194058
0.015407354
0.02817713
0.026971561
0.016070219
0.016902712
0.028409091
0.016485219
0.027268727
0.043462461
0.016699924
0.028007134
0.038849052
0.017720054
0.015089565
0.030697794
0.018030385
0.039871641
0.031550144
0.019464731
0.030172206
0.032674811
0.027997068
0.031602203
0.034588568
0.019514419
0.023403285
0.035221093
0.0160726
0.033927584
0.037406518
0.021154298
0.035295937
0.039844372
0.021373757
0.036575228
0.058106803
0.02262827
0.037532586
0.04362027
0.023126931
0.040161013
0.053604859
0.023446392
0.041817464
0.049161991
0.025073683
0.044355807
0.052909786
0.025774345
0.045864482
0.048218809
0.026866164
0.048407341
0.063284611
0.027724706
0.051420676
0.070139685
0.028963513
0.057322178
0.080205111
0.028247813
0.05921844
0.102707571
0.032041552
0.063669384
0.226797762
0.033637516
0.069780303
0.095130707
0.046247069
0.07712432
0.019856611
0.033912029
0.086020691
0.009073991
0.041228494
0.114452649
0.007505658
0.045408697
0.2419507
0.00723311
0.051114989
0.122815988
0.007184059
0.056045418
0.028836306
0.00712218
0.062622969
0.012337187
0.006989775
0.067675968
0.008525847
0.007238475
0.096876034
0.007925389
0.007047324
0.169552039
0.007948657
0.007008416
0.091806104
0.007835221
0.007398285
0.02365133
0.008025662
0.007081325
0.015690767
0.007413741
0.00697687
0.009323187
0.007798657
0.007076838
0.007825359
0.008145879
0.007066767
0.00781507
0.008718585
0.006893225
0.007142685
0.010181612
0.006945575
0.007044726
0.012798061
0.006922884
0.007017578
0.017265112
0.006868812
0.006795896
0.019440272
0.007125297
0.006729546
0.021335646
0.007009512
0.006637755
0.014547962
0.006871037
0.008465719
0.012271458
0.006570636
0.006413289
0.011578909
0.007008198
0.006685147
0.011180307
0.006185317
0.006385315
0.010976268
0.007234069
0.006130434
0.010655158
0.007678554
0.006217055
0.010884761
0.008762075
0.005906976
0.009633243
0.011253484
0.005965989
0.009392634
0.016000902
0.00604869
0.009667364
0.018775422
0.005851523
0.009471353
0.016767789
0.005621752
0.009311999
0.012824003
0.005669635
0.009078127
0.011117004
0.00550906
0.010316368
0.010861399
0.005609427
0.008976633
0.00991243
0.005647564
0.008989489
0.010080724
0.005522735
0.009034851
0.009278742
0.005635903
0.008247013
0.009595778
0.00553448
0.008083435
0.008895739
0.005469599
0.008389864
0.009459251
0.004734228
0.008384045
0.009002959
0.005454561
0.008450195
0.008693757
0.005459005
0.009269628
0.00827559
0.005216779
0.008012756
0.008305646
0.00537993
0.008046518
0.008271787
0.00531454
0.007627155
0.007961101
0.00614998
0.007783394
0.008132446
0.005647779
0.007599028
0.008509283
0.00532433
0.007675195
0.007587814
0.005208332
0.007781892
0.008051265
0.007594973
0.007933103
0.00648316
0.027269782
0.007857152
0.007353424
0.321422596
0.007778815
0.007620154
1.334763282
0.00846685
0.00770268
0.478167432
0.013070561
0.007627479
0.414679422
0.131799634
0.008723754
0.358700781
1.825506159
0.006116056
0.316972781
0.795880638
0.01397723
0.289884796
0.620918447
0.168932779
0.265387989
0.536264379
1.976923245
0.24144335
0.463952989
0.681694028
0.236301336
0.418753487
0.549382336
0.220165476
0.385962043
0.470170677
0.209240586
0.347824504
0.421076506
0.198668314
0.325310641
0.375908857
0.161164798
0.312823301
0.372836301
0.181633109
0.297423121
0.321036841
0.282276578
0.272817653
0.293309998
0.170436969
0.391488395
0.276902447
0.163182599
0.262817882
0.262885624
0.154193595
0.245788967
0.269673122
0.151109393
0.238145649
0.247799396
0.14782537
0.231751335
0.241272242
0.145716687
0.219094299
0.231036646
0.139620247
0.21824054
0.198206974
0.137028235
0.214640984
0.185174002
0.125712218
0.203351639
0.215393765
0.134089834
0.2091729
0.183711914
0.127720045
0.171966794
0.18807491
0.122992199
0.188250811
0.182984272
0.119963884
0.182347198
0.181253328
0.118339837
0.175889114
0.172537254
0.119497013
0.175650852
0.173993967
0.115187904
0.167919086
0.163938139
0.10956497
0.168090348
0.160969206
0.112810805
0.165669461
0.155999686
0.104763362
0.163963074
0.151995091
0.102765635
0.116706882
0.142623226
0.101767153
0.127459775
0.145632644
0.04010036
0.150963399
0.147443593
0.096843169
0.134460966
0.139381008
0.093704848
0.136484685
0.059181295
0.09267365
0.143114773
0.132666276
0.093242925
0.134288272
0.130613233
0.090501362
0.135280403
0.127188456
0.092508733
0.128961051
0.036697769
0.087049552
0.132493126
0.121801022
0.08597372
0.123755023
0.118676839
0.085226727
0.1216922
0.117262447
0.090216517
0.136547434
0.10396386
0.080393592
0.116994793
0.115240717
0.081810084
0.115028247
0.110885328
0.080384981
0.076588468
0.109779278
0.077889613
0.11033915
0.106621872
0.074717278
0.108201297
0.106109048
0.069655227
0.106353611
0.102746894
0.061732882
0.104838486
0.109068554
0.071154502
0.102127825
0.102378915
0.068124529
0.101538518
0.09703636
0.066462458
0.098811549
0.096899157
0.113941286
0.095685062
0.067235502
0.062094896
0.089297064
0.091600785
0.073482839
0.097008021
0.084955727
0.061518028
0.09208407
0.088754329
0.060434716
0.089898383
0.087290787
0.059470847
0.088773635
0.08649378
0.058164677
0.087829461
0.07781688
0.055431032
0.085461608
0.082646909
0.055758804
0.083302749
0.08055285
0.055272073
0.084591234
0.086522589
0.053637964
0.068878346
0.074830439
0.051457643
0.079019345
0.07726152
0.052765798
0.078152604
0.069855092
0.058527557
0.076577577
0.073147784
0.050666577
0.075554409
0.072961344
0.049131056
0.073822057
0.072059961
0.048262036
0.068120569
0.070212114
0.049158993
0.066621421
0.069321653
0.047257582
0.069547235
0.067809382
0.046066672
0.087052771
0.066063991
0.04530342
0.067380284
0.064992095
0.047644899
0.066347155
0.064479079
0.044481387
0.065593667
0.072875017
0.042832063
0.063927934
0.1131524
0.042931949
0.063519438
0.053966703
0.057286412
0.06036848
0.060146292
0.040668042
0.060284521
0.068487171
0.038226967
0.053217401
0.04329008
0.039505452
0.057286136
0.057254579
0.038482565
0.057652666
0.056357913
0.038462605
0.056889383
0.055101784
0.037424247
0.054145333
0.054096158
0.025862733
0.054648832
0.053677926
0.036052695
0.053547584
0.052535616
0.035801685
0.050970409
0.051347531
0.038425567
0.067002265
0.044968403
0.036862788
0.048555698
0.049856677
0.034171808
0.050529083
0.048377037
0.033246369
0.049492201
0.027426714
0.033315105
0.050979799
0.055461392
0.032088577
0.048281431
0.046608431
0.031609149
0.047315007
0.047069105
0.032563664
0.063617878
0.042155935
0.031282128
0.044289331
0.044761334
0.028899209
0.048388047
0.043795303
0.029956761
0.043518098
0.016240059
0.039232892
0.044009765
0.050469063
0.030039787
0.039388866
0.041545377
0.02852268
0.042630727
0.040934293
0.031488467
0.042831627
0.04541977
0.028096381
0.039367757
0.039879419
0.028087681
0.039885991
0.02799576
0.027469676
0.040709917
0.038462042
0.027258789
0.041431341
0.038323459
0.026943771
0.039061181
0.037527645
0.027323216
0.038112311
0.036592225
0.026514604
0.036200656
0.045269591
0.026483063
0.038297972
0.03617693
0.026030502
0.038047429
0.036339319
0.025334201
0.053212818
0.037100624
0.02524437
0.036423282
0.034365595
0.027579689
0.036848049
0.034049684
0.025226025
0.037525146
0.031580619
0.025171934
0.035822936
0.033497393
0.024311689
0.03529755
0.033471924
0.022249338
0.034847647
0.032823357
0.02319304
0.034517348
0.032715777
0.023763617
0.034183176
0.031812492
0.023337317
0.034720192
0.033143258
0.023044337
0.032042689
0.029058214
0.023165476
0.034521355
0.032407894
0.022810506
0.034029016
0.03191965
0.025087659
0.032207411
0.031646733
0.022867705
0.030889898
0.030633642
0.022726625
0.032242193
0.028346884
0.023042857
0.033553851
0.032276854
0.022405798
0.032271955
0.031140735
0.022432588
0.033154432
0.031662102
0.022363909
0.033820528
0.034659862
0.023317975
0.034343839
0.030624178
0.022537203
0.031347302
0.030619589
0.020762965
0.021044635
0.034646299
0.02208757
0.032895952
0.02990907
0.021803529
0.032272608
0.029259992
0.021365678
0.03241997
0.02899346
0.019690192
0.030737323
0.028541707
0.021892706
0.033339584
0.028709507
0.021658405
0.031873396
0.028679039
0.021294368
0.031378377
0.028724832
0.021996315
0.035898819
0.027115351
0.021558395
0.016450315
0.028128922
0.023380644
0.03154377
0.028331419
0.021434752
0.032058674
0.027755778
0.02207283
0.034068972
0.027812214
0.021219776
0.038278393
0.02776464
0.021145558
0.035999861
0.027900645
0.020744833
0.033322204
0.026302638
0.021446153
0.030432662
0.043866993
0.017012257
0.033251282
0.028278791
0.021171661
0.034897348
0.027341373
0.021287037
0.031792012
0.027098587
0.021081922
0.026451119
0.02799934
0.021357762
0.030361959
0.041811455
0.021015358
0.028732379
0.028065024
0.021141402
0.031095622
0.028971674
0.01956358
0.029139978
0.025918574
0.02078288
0.030090972
0.032455303
0.020234659
0.028488071
0.026612061
0.020938888
0.029272913
0.028084473
0.020700882
0.029246819
0.028262483
0.021054623
0.029013666
0.028058886
0.021239209
0.02918814
0.026669358
0.020044168
0.028461301
0.027942131
0.021370566
0.028628307
0.028383007
0.020639268
0.030934793
0.028400522
0.020384507
0.028596493
0.026717176
0.021812148
0.028142657
0.026451266
0.022476086
0.028117235
0.027096115
0.017691171
0.028156824
0.026620239
0.023844949
0.028859745
0.025254488
0.023958724
0.028922619
0.026355838
0.02474498
0.028870393
0.02697513
0.025428443
0.029235568
0.026691423
0.021079908
0.027798589
0.026554759
0.023683762
0.029139985
0.026488764
0.023692682
0.028493583
0.025886867
0.02291745
0.028674012
0.026424459
0.031394978
0.029221264
0.026314757
0.022959165
0.027869204
0.02592467
0.021595285
0.028341977
0.026965189
0.021072034
0.028365685
0.009577168
0.022722958
0.027944613
0.023878369
0.021358855
0.029120096
0.026359057
0.02040534
0.028172496
0.026463261
0.020905398
0.027925402
0.026288173
0.020905353
0.021710605
0.026655529
0.020789833
0.028800913
0.026214996
0.020169629
0.028285667
0.026231621
0.021674162
0.028572566
0.027152483
0.020295534
0.028639723
0.025660808
0.019976633
0.027821214
0.026647754
0.020893198
0.027912609
0.02614889
0.020004875
0.028406672
0.02678897
0.021236322
0.028388408
0.027357711
0.019697955
0.028291006
0.026064857
0.020601361
0.027620456
0.027055402
0.020474717
0.02854162
0.025404074
0.020595959
0.027378755
0.027969172
0.020010378
0.027498129
0.025677754
0.019179733
0.029530501
0.025487345
0.02170257
0.029770801
0.040521522
0.021114453
0.028247905
0.042816331
0.029453995
0.030856975
0.049223494
0.52212105
0.169490337
0.771649092
